1323 0.0194778860759 0.86710713111 0.00363076943359 0.134287430557 0.241925618487 1.32833233712
2110 0.0293576295827 0.885386332232 0.00304550760937 0.30576171875 0.270265966643 1.31707317073
4195 0.024239750751 0.864634619694 0.00209759517107 0.3455625 0.1363605124 1.3227671084
504 0.0375962912503 0.998701661883 0.004125 0.2253125 0.521427484695 2.17475728155
1854 0.0359001431357 0.952754947128 0.00494798828125 0.339928532988 0.368421052632 1.9
1142 0.0384670701943 0.970721553633 0.00406254296865 0.32921875 0.4 1.53684069252
2778 0.0269391145553 0.884507363088 0.0031 0.20875 0.18320610687 1.58333333333
784 0.0242583174444 0.904934065256 0.00419577952705 0.184029784746 0.443863538168 1.21052922438
1019 0.0367939068538 0.889761240844 0.00411285708203 0.272001953125 0.367088607595 1.30009174235
3880 0.033613282105 0.872395067772 0.00329686134687 0.542005876758 0.240738420103 1.50459885029
541 0.0331995543645 0.896850071661 0.00385484683281 0.279941757812 0.386363636364 1.48685028569
383 0.0483060384361 0.89408819941 0.00496618575293 0.337986506074 0.355702423318 1.33018867925
731 0.0465209247079 0.89268240062 0.00405974218906 0.343413142383 0.264897495067 1.20610687023
2446 0.0305006937833 0.920849315801 0.00409057944434 0.354940351562 0.377358490566 2.75294117647
440 0.0333488274343 0.930422849137 0.00494717186318 0.155173849824 0.333366848369 1.35294117647
554 0.0273299732522 0.987082773192 0.004638671875 0.129635664062 0.542860908165 2.29825
1101 0.0542630140314 0.887620925971 0.00509266509121 0.672817576172 0.365078012599 1.30645424688
328 0.0402153494097 0.823930719662 0.00523062949609 0.45063046875 0.295740934208 1.63494047619
494 0.0659127087274 0.955149216995 0.0045703125 0.644970703125 0.361111111111 1.58620689655
408 0.0467868370068 0.864148503021 0.00577416959854 0.367275 0.415841584158 1.47095825188
594 0.0494576470827 0.910137687226 0.0050000859375 0.331875 0.398496240602 1.18191658744
346 0.0350913110967 0.855533520143 0.0046034633667 0.162326280381 0.438071813219 1.2653826845
2491 0.0373403919844 0.960955572626 0.0046875 0.295051367188 0.379313287739 1.60194563579
1059 0.0409302194482 0.966719607359 0.0039375 0.309375703125 0.437498632817 1.47272392563
391 0.0356434831037 0.905497919606 0.00412026598242 0.530891942451 0.375005859379 1.49930050099
1628 0.0429436150567 0.917948378823 0.0037644082833 0.49724258042 0.427022729879 1.35074626866
3695 0.0369717091598 0.918837601836 0.00385481214014 0.537970668437 0.279286818107 1.58870967742
1074 0.0235620180458 0.861859098336 0.00364586328115 0.4077734375 0.193132839986 1.27361823125
2620 0.0365153068561 0.894717203711 0.003818359375 0.453959307266 0.20218579235 1.47239263804
2356 0.0448245095791 0.925849812077 0.00352469331035 0.533873055557 0.383646439937 1.47463736687
476 0.0359576663432 0.911962571989 0.00362750369033 0.345323144531 0.289855072464 1.2030075188
2666 0.0343353113971 0.924509838731 0.00420734938857 0.46041578125 0.30434139507 1.56923378699
534 0.0553571934491 0.917291415884 0.003984375 0.64597161999 0.303279219566 1.57462686567
376 0.0535668159358 0.928968057265 0.0046875 0.164996132812 0.560004680014 1.09098917283
467 0.0545384899369 0.873745764692 0.00515625 0.43248046875 0.327996721222 1.32240437158
7429 0.0281505665517 0.884810893642 0.00319872029326 0.41013671875 0.189873417722 1.59458607988
5247 0.024894972575 0.873171013976 0.00221865927981 0.426217916484 0.191780926159 1.57204898447
3399 0.028574935383 0.887796525935 0.0028573125 0.54568125 0.223679120532 1.50606071303
693 0.0748369021002 0.964199566629 0.005390625 0.384225 0.555555555556 1.36036036036
361 0.0484045334955 1.03262283622 0.00424343621133 0.592385878096 0.474268235204 1.64282852043
268 0.0261235275132 0.979994588049 0.00583984375 0.120694865449 0.538463779601 1.26086956522
493 0.0618103880266 1.04852532583 0.00455735486719 0.385 0.694446408949 1.73425430591
1190 0.047403801488 1.02900915258 0.00469406990527 0.555665247207 0.24324810078 1.64285714286
489 0.0577333111698 1.00671376406 0.00468207174453 0.538819456836 0.421050275625 1.60494944302
319 0.0425132501841 1.04586445569 0.00395091476191 0.2486328125 0.402119393573 1.71428571429
